3,2
3,1
3,3
10,183
10,165
10,143
10,99
10,217
11,29
9,5
8,10
14,1
14,3
13,1
13,3
67,4
67,3
67,1
65,3
65,1
64,3
64,1
63,5
63,4
63,3
63,2
63,1
60,5
60,4
60,3
60,1
58,3
58,1
57,3
57,2
57,1
56,5
56,4
56,3
56,1
54,3
54,1
21,3
2,2
2,1
2,3
21,2
21,1
21,0
20,3
20,2
20,1
19,3
19,2
19,1
18,3
18,1
12,3
12,2
12,1
11,28
11,27
11,26
11,24
11,23
11,21
11,19
11,17
11,16
11,15
11,13
11,11
11,9
11,8
11,7
11,5
11,4
11,3
11,2
11,1
10,309
10,303
10,299
10,297
10,290
10,287
10,276
10,272
10,260
10,258
10,249
10,243
10,203
10,187
10,134
10,127
10,122
10,84
10,17
10,3
10,2
10,1
9,7
9,6
9,4
9,3
9,2
9,1
8,17
8,16
8,14
8,13
8,12
8,11
8,9
